0
-5
-18
-36
-64
-99
-143
-195
-254
-322
-396
-478
-565
-659
-761
-868
-981
-1100
-1225
-1356
-1492
-1633
-1775
-1926
-2081
-2242
-2407
-2576
-2749
-2927
-3108
-3294
-3479
-3671
-3867
-4067
-4270
-4476
-4684
-4897
-5112
-5330
-5547
-5770
-5997
-6225
-6457
-6691
-6928
-7166
-7407
-7650
-7884
-8131
-8381
-8633
-8887
-9143
-9399
-9659
-9920
-10182
-10439
-10704
-10971
-11240
-11509
-11780
-12052
-12326
-12600
-12876
-13145
-13423
-13703
-13983
-14265
-14547
-14831
-15115
-15401
-15688
-15967
-16257
-16547
-16840
-17132
-17424
-17718
-18011
-18305
-18600
-18887
-19183
-19478
-19773
-20067
-20363
-20659
-20955
-21250
-21548
-21837
-22133
-22431
-22729
-23026
-23326
-23625
-23924
-24224
-24524
-24817
-25118
-25419
-25721
-26024
-26327
-26630
-26935
-27238
-27543
-27837
-28142
-28449
-28756
-29062
-29371
-29679
-29986
-30295
-30604
-30904
-31213
-31521
-31827
-32135
-32444
-32753
-33063
-33373
-33682
-33984
-34296
-34606
-34917
-35228
-35540
-35853
-36167
-36480
-36795
-37101
-37415
-37729
-38042
-38355
-38668
-38981
-39295
-39607
-39917
-40220
-40532
-40843
-41154
-41465
-41776
-42084
-42395
-42705
-43015
-43316
-43626
-43937
-44247
-44555
-44864
-45175
-45485
-45795
-46107
-46410
-46722
-47034
-47347
-47660
-47972
-48285
-48598
-48912
-49225
-49530
-49844
-50158
-50474
-50787
-51099
-51413
-51727
-52040
-52355
-52661
-52974
-53288
-53602
-53917
-54232
-54546
-54862
-55177
-55491
-55797
-56113
-56427
-56745
-57062
-57379
-57697
-58013
-58328
-58644
-58953
-59267
-59579
-59892
-60206
-60519
-60832
-61145
-61458
-61770
-62075
-62387
-62697
-63009
-63319
-63630
-63941
-64249
-64561
-64873
-65175
-65487
-65800
-66113
-66424
-66738
-67051
-67364
-67678
-67990
-68293
-68607
-68921
-69235
-69548
-69864
-70179
-70494
-70809
-71123
-71429
-71743
-72057
-72371
-72683
-72997
-73311
-73623
-73937
-74252
-74559
-74875
-75189
-75505
-75821
-76138
-76456
-76774
-77091
-77409
-77719
-78035
-78351
-78667
-78981
-79297
-79610
-79924
-80238
-80551
-80857
-81169
-81481
-81793
-82106
-82418
-82730
-83041
-83353
-83665
-83969
-84281
-84593
-84905
-85217
-85528
-85841
-86154
-86467
-86781
-87078
-87391
-87703
-88016
-88330
-88645
-88959
-89275
-89590
-89905
-90210
-90525
-90839
-91152
-91467
-91781
-92095
-92410
-92724
-93038
-93345
-93659
-93975
-94289
-94603
-94919
-95233
-95547
-95863
-96180
-96490
-96808
-97125
-97443
-97760
-98075
-98392
-98708
-99024
-99339
-99643
-99957
-100271
-100584
-100898
-101210
-101523
-101836
-102148
-102460
-102764
-103076
-103388
-103701
-104013
-104324
-104637
-104949
-105261
-105573
-105877
-106190
-106503
-106817
-107129
-107442
-107756
-108069
-108383
-108697
-109005
-109321
-109636
-109951
-110267
-110581
-110895
-111208
-111523
-111837
-112144
-112458
-112773
-113087
-113399
-113713
-114028
-114343
-114657
-114973
-115280
-115597
-115913
-116229
-116547
-116864
-117182
-117500
-117817
-118133
-118429
-118744
-119060
-119375
-119687
-119999
-120311
-120623
-120937
-121249
-121554
-121867
-122178
-122490
-122799
-123111
-123422
-123735
-124047
-124358
-124663
-124974
-125285
-125597
-125909
-126221
-126533
-126847
-127159
-127473
-127775
-128088
-128403
-128716
-129032
-129347
-129660
-129975
-130288
-130603
-130909
-131224
-131538
-131853
-132167
-132480
-132795
-133109
-133423
-133737
-134043
-134358
-134674
-134990
-135306
-135623
-135940
-136257
-136576
-136892
-137201
-137517
-137831
-138147
-138464
-138779
-139094
-139407
-139720
-140034
-140339
-140651
-140963
-141274
-141587
-141899
-142211
-142521
-142829
-143141
-143445
-143757
-144069
-144381
-144693
-145003
-145286
-145587
-145895
-146198
-146502
-146814
-147128
-147441
-147751
-148065
-148379
-148694
-149009
-149322
-149629
-149942
-150257
-150568
-150882
-151197
-151511
-151825
-152137
-152451
-152757
-153070
-153385
-153700
-154015
-154330
-154646
-154961
-155276
-155593
-155901
-156218
-156534
-156851
-157169
-157486
-157801
-158118
-158434
-158748
-159056
-159368
-159682
-159996
-160308
-160621
-160932
-161244
-161557
-161869
-162173
-162485
-162797
-163109
-163419
-163731
-164042
-164355
-164667
-164978
-165283
-165596
-165909
-166222
-166535
-166848
-167162
-167475
-167785
-168099
-168397
-168712
-169027
-169342
-169657
-169972
-170287
-170601
-170915
-171228
-171534
-171848
-172163
-172477
-172791
-173103
-173418
-173734
-174048
-174364
-174672
-174988
-175304
-175622
-175939
-176257
-176575
-176892
-177209
-177526
-177834
-178151
-178465
-178779
-179093
-179404
-179719
-180031
-180343
-180656
-180960
-181272
-181586
-181897
-182207
-182517
-182826
-183137
-183448
-183760
-184064
-184376
-184688
-185000
-185313
-185622
-185935
-186247
-186558
-186871
-187175
-187489
-187803
-188117
-188431
-188746
-189062
-189377
-189692
-190008
-190314
-190629
-190944
-191257
-191570
-191885
-192199
-192514
-192828
-193142
-193449
-193764
-194079
-194395
-194711
-195025
-195341
-195658
-195973
-196290
-196599
-196915
-197233
-197549
-197865
-198181
-198494
-198809
-199120
-199433
-199739
-200052
-200365
-200678
-200990
-201303
-201616
-201927
-202238
-202550
-202854
-203166
-203479
-203790
-204103
-204415
-204726
-205040
-205353
-205665
-205970
-206284
-206597
-206911
-207225
-207538
-207853
-208166
-208481
-208797
-209104
-209419
-209734
-210049
-210364
-210679
-210993
-211307
-211622
-211934
-212241
-212555
-212867
-213180
-213495
-213810
-214126
-214442
-214758
-215074
-215383
-215701
-216018
-216337
-216653
-216970
-217286
-217602
-217919
-218235
-218542
-218857
-219170
-219484
-219797
-220109
-220422
-220735
-221046
-221359
-221663
-221975
-222288
-222600
-222909
-223219
-223530
-223842
-224152
-224464
-224768
-225081
-225394
-225707
-226020
-226333
-226646
-226960
-227273
-227585
-227887
-228201
-228516
-228832
-229147
-229462
-229775
-230089
-230402
-230717
-231021
-231335
-231647
-231960
-232275
-232589
-232903
-233218
-233533
-233848
-234156
-234471
-234787
-235101
-235417
-235734
-236053
-236370
-236687
-237005
-237313
-237629
-237946
-238261
-238576
-238891
-239203
-239516
-239829
-240141
-240445
-240757
-241069
-241382
-241693
-242004
-242316
-242627
-242938
-243251
-243555
-243867
-244179
-244491
-244803
-245116
-245427
-245740
-246053
-246366
-246672
-246986
-247299
-247613
-247925
-248239
-248551
-248866
-249181
-249496
-249795
-250108
-250423
-250738
-251051
-251366
-251681
-251994
-252309
-252621
-252926
-253241
-253556
-253871
-254187
-254503
-254819
-255136
-255453
-255771
-256081
-256399
-256716
-257034
-257349
-257664
-257980
-258295
-258609
-258921
-259226
-259540
-259853
-260166
-260477
-260787
-261098
-261411
-261723
-262035
-262338
-262649
-262961
-263272
-263584
-263896
-264209
-264521
-264834
-265147
-265451
-265763
-266076
-266389
-266703
-267016
-267329
-267643
-267957
-268269
-268577
-268891
-269205
-269521
-269834
-270149
-270463
-270776
-271090
-271405
-271710
-272025
-272339
-272651
-272966
-273281
-273596
-273911
-274226
-274541
-274848
-275165
-275482
-275800
-276118
-276435
-276753
-277070
-277386
-277703
-278011
-278325
-278640
-278953
-279266
-279577
-279890
-280202
-280514
-280827
-281131
-281444
-281756
-282069
-282381
-282693
-283005
-283315
-283625
-283934
-284238
-284550
-284863
-285174
-285487
-285799
-286110
-286424
-286738
-287052
-287358
-287671
-287984
-288299
-288615
-288930
-289245
-289559
-289873
-290188
-290493
-290807
-291122
-291436
-291750
-292065
-292379
-292693
-293007
-293322
-293633
-293948
-294264
-294581
-294897
-295215
-295533
-295850
-296169
-296486
-296795
-297110
-297427
-297743
-298058
-298373
-298686
-298999
-299311
-299623
-299927
-300241
-300553
-300866
-301177
-301489
-301801
-302114
-302426
-302738
-303043
-303355
-303667
-303978
-304290
-304603
-304916
-305229
-305542
-305856
-306162
-306475
-306787
-307101
-307413
-307728
-308041
-308356
-308672
-308986
-309294
-309609
-309922
-310238
-310552
-310867
-311182
-311495
-311808
-312123
-312429
-312742
-313057
-313370
-313686
-314002
-314318
-314635
-314952
-315269
-315580
-315898
-316215
-316533
-316851
-317167
-317483
-317798
-318113
-318429
-318734
-319047
-319360
-319673
-319986
-320300
-320610
-320922
-321235
-321545
-321850
-322162
-322475
-322787
-323098
-323410
-323723
-324034
-324347
-324660
-324965
-325278
-325592
-325905
-326219
-326533
-326843
-327156
-327471
-327785
-328092
-328408
-328724
-329039
-329355
-329669
-329984
-330297
-330610
-330924
-331097
-331217
-331435
-331735
-332043
-332355
-332670
-332985
-333301
-333617
-333909
-334224
-334541
-334857
-335175
-335491
-335809
-336127
-336443
-336758
-337065
-337381
-337696
-338011
-338325
-338639
-338952
-339265
-339579
-339891
-340196
-340509
-340821
-341134
-341446
-341757
-342069
-342379
-342692
-343004
-343309
-343620
-343933
-344247
-344559
-344871
-345185
-345498
-345812
-346126
-346432
-346745
-347059
-347372
-347687
-348002
-348317
-348631
-348945
-349258
-349565
-349878
-350192
-350508
-350822
-351136
-351451
-351763
-352078
-352394
-352701
-353016
-353333
-353649
-353965
-354282
-354599
-354917
-355235
-355551
-355861
-356179
-356495
-356809
-357124
-357440
-357755
-358069
-358383
-358697
-359002
-359315
-359628
-359941
-360254
-360567
-360879
-361191
-361504
-361815
-362117
-362429
-362739
-363052
-363364
-363676
-363989
-364301
-364614
-364927
-365233
-365547
-365860
-366175
-366489
-366803
-367117
-367431
-367746
-368061
-368367
-368682
-368997
-369310
-369626
-369940
-370255
-370569
-370882
-371197
-371503
-371816
-372131
-372447
-372761
-373075
-373389
-373704
-374021
-374338
-374648
-374966
-375284
-375601
-375918
-376235
-376551
-376868
-377184
-377499
-377807
-378120
-378434
-378748
-379061
-379374
-379688
-380000
-380311
-380623
-380928
-381240
-381553
-381865
-382177
-382488
-382801
-383113
-383425
-383737
-384041
-384353
-384665
-384977
-385291
-385604
-385919
-386232
-386547
-386861
-387166
-387481
-387797
-388112
-388428
-388743
-389058
-389373
-389688
-390002
-390309
-390623
-390937
-391253
-391566
-391881
-392195
-392508
-392823
-393139
-393446
-393763
-394080
-394397
-394715
-395031
-395349
-395667
-395985
-396301
-396610
-396927
-397242
-397557
-397872
-398185
-398500
-398813
-399126
-399440
-399745
-400056
-400370
-400682
-400994
-401307
-401618
-401929
-402241
-402553
-402858
-403170
-403482
-403796
-404109
-404422
-404736
-405050
-405363
-405678
-405984
-406298
-406612
-406926
-407241
-407557
-407873
-408188
-408504
-408819
-409126
-409442
-409756
-410071
-410385
-410698
-411012
-411327
-411639
-411953
-412250
-412565
-412879
-413195
-413511
-413829
-414146
-414463
-414782
-415099
-415409
-415727
-416043
-416359
-416675
-416990
-417305
-417620
-417933
-418247
-418549
-418861
-419173
-419484
-419797
-420110
-420423
-420735
-421047
-421358
-421660
-421973
-422286
-422597
-422909
-423221
-423531
-423843
-424156
-424469
-424773
-425069
-425371
-425673
-425965
-426275
-426590
-426903
-427217
-427533
-427836
-428150
-428465
-428778
-429093
-429407
-429721
-430036
-430351
-430665
-430945
-431258
-431573
-431888
-432203
-432517
-432833
-433149
-433466
-433782
-434083
-434400
-434718
-435036
-435351
-435670
-435986
-436303
-436620
-436935
-437243
-437556
-437867
-438182
-438495
-438807
-439120
-439433
-439745
-440057
-440361
-440673
-440986
-441298
-441611
-441924
-442236
-442549
-442861
-443172
-443477
-443790
-444103
-444417
-444731
-445044
-445358
-445673
-445986
-446301
-446605
-446918
-447234
-447550
-447865
-448181
-448496
-448811
-449125
-449440
-449748
-450063
-450378
-450692
-451007
-451321
-451634
-451942
-452257
-452573
-452883
-453199
-453516
-453833
-454151
-454469
-454787
-455105
-455423
-455741
-456053
-456371
-456687
-457002
-457318
-457633
-457946
-458261
-458574
-458887
-459197
-459509
-459823
-460136
-460448
-460761
-461073
-461385
-461698
-462011
-462319
-462632
-462945
-463258
-463571
-463885
-464198
-464512
-464825
-465139
-465434
-465748
-466063
-466377
-466691
-467007
-467323
-467639
-467955
-468270
-468581
-468897
-469213
-469527
-469842
-470157
-470472
-470787
-471102
-471416
-471727
-472043
-472359
-472675
-472991
-473307
-473625
-473941
-474260
-474579
-474892
-475211
-475528
-475846
-476163
-476480
-476795
-477111
-477427
-477740
-478051
-478365
-478677
-478991
-479305
-479617
-479931
-480243
-480556
-480869
-481177
-481490
-481803
-482115
-482428
-482741
-483053
-483366
-483680
-483993
-484303
-484617
-484931
-485245
-485560
-485874
-486189
-486503
-486817
-487133
-487445
-487761
-488077
-488392
-488708
-489023
-489338
-489653
-489968
-490283
-490594
-490909
-491223
-491538
-491854
-492169
-492485
-492802
-493118
-493435
-493740
-494058
-494376
-494695
-495013
-495331
-495649
-495965
-496283
-496599
-496909
-497225
-497539
-497853
-498168
-498481
-498795
-499108
-499421
-499734
-500044
-500356
-500669
-500982
-501294
-501607
-501920
-502233
-502546
-502859
-503167
-503481
-503794
-504107
-504422
-504735
-505049
-505365
-505679
-505993
-506304
-506618
-506933
-507250
-507566
-507881
-508197
-508512
-508828
-509143
-509454
-509769
-510084
-510398
-510714
-511029
-511343
-511659
-511974
-512289
-512602
-512918
-513234
-513552
-513868
-514187
-514505
-514823
-515141
-515460
-515773
-516090
-516407
-516723
-517039
-517355
-517669
-517983
-518297
-518610
-518920
-519233
-519546
-519859
-520172
-520484
-520797
-521110
-521422
-521736
-522045
-522357
-522670
-522982
-523295
-523609
-523923
-524236
-524550
-524864
-525174
-525489
-525803
-526117
-526432
-526746
-527062
-527378
-527693
-528009
-528321
-528635
-528951
-529266
-529581
-529896
-530210
-530525
-530840
-531154
-531465
-531781
-532096
-532412
-532727
-533043
-533361
-533677
-533995
-534313
-534625
-534943
-535262
-535579
-535897
-536213
-536530
-536846
-537161
-537476
-537784
-538099
-538412
-538725
-539039
-539352
-539665
-539978
-540290
-540603
-540910
-541223
-541535
-541848
-542161
-542474
-542787
-543099
-543412
-543725
-544035
-544349
-544663
-544977
-545291
-545605
-545920
-546235
-546549
-546864
-547176
-547492
-547808
-548124
-548439
-548754
-549070
-549384
-549699
-550015
-550325
-550640
-550955
-551269
-551585
-551900
-552216
-552532
-552848
-553164
-553478
-553795
-554113
-554431
-554749
-555068
-555386
-555703
-556020
-556337
-556650
-556965
-557281
-557595
-557909
-558224
-558536
-558851
-559164
-559476
-559784
-560097
-560409
-560722
-561035
-561348
-561661
-561973
-562286
-562599
-562906
-563219
-563532
-563846
-564160
-564474
-564788
-565102
-565417
-565731
-566041
-566356
-566671
-566987
-567303
-567619
-567935
-568251
-568566
-568881
-569193
-569507
-569822
-570137
-570452
-570767
-571082
-571397
-571713
-572028
-572339
-572656
-572972
-573289
-573607
-573924
-574243
-574561
-574879
-575197
-575503
-575821
-576138
-576455
-576771
-577086
-577401
-577715
-578029
-578343
-578650
-578964
-579277
-579590
-579903
-580216
-580529
-580841
-581154
-581467
-581774
-582086
-582400
-582713
-583025
-583339
-583652
-583965
-584280
-584593
-584903
-585218
-585533
-585847
-586161
-586476
-586791
-587107
-587423
-587739
-588049
-588364
-588679
-588995
-589309
-589624
-589939
-590254
-590569
-590884
-591192
-591508
-591824
-592139
-592455
-592771
-593088
-593405
-593722
-594040
-594355
-594673
-594991
-595309
-595627
-595944
-596261
-596577
-596893
-597209
-597519
-597833
-598148
-598461
-598775
-599089
-599401
-599715
-600027
-600338
-600647
-600960
-601273
-601586
-601899
-602211
-602525
-602837
-603150
-603464
-603773
-604087
-604401
-604715
-605029
-605344
-605659
-605973
-606287
-606602
-606914
-607230
-607546
-607862
-608177
-608493
-608808
-609123
-609438
-609753
-610062
-610377
-610692
-611007
-611322
-611637
-611953
-612269
-612585
-612901
-613214
-613532
-613849
-614167
-614486
-614804
-615123
-615441
-615758
-616075
-616388
-616703
-617020
-617335
-617649
-617963
-618277
-618590
-618904
-619217
-619526
-619840
-620152
-620465
-620778
-621091
-621404
-621717
-622029
-622343
-622650
-622962
-623275
-623589
-623903
-624217
-624531
-624845
-625160
-625475
-625785
-626100
-626415
-626730
-627046
-627362
-627678
-627994
-628309
-628625
-628937
-629251
-629567
-629881
-630196
-630512
-630826
-631141
-631457
-631772
-632084
-632400
-632716
-633033
-633351
-633667
-633985
-634304
-634622
-634941
-635255
-635572
-635889
-636207
-636523
-636839
-637155
-637468
-637783
-638097
-638406
-638721
-639034
-639347
-639660
-639973
-640286
-640599
-640912
-641224
-641534
-641846
-642159
-642473
-642785
-643098
-643412
-643725
-644039
-644353
-644663
-644977
-645292
-645606
-645921
-646236
-646550
-646866
-647183
-647498
-647810
-648125
-648441
-648756
-649071
-649386
-649701
-650016
-650330
-650646
-650956
-651271
-651587
-651902
-652218
-652534
-652850
-653167
-653484
-653801
-654116
-654434
-654752
-655071
-655389
-655705
-656023
-656339
-656655
-656972
-657277
-657591
-657905
-658219
-658532
-658846
-659159
-659473
-659786
-660098
-660407
-660720
-661033
-661346
-661659
-661971
-662285
-662598
-662910
-663224
-663532
-663845
-664159
-664473
-664788
-665102
-665417
-665731
-666046
-666361
-666671
-666988
-667304
-667620
-667936
-668251
-668567
-668883
-669197
-669513
-669824
-670138
-670453
-670768
-671083
-671399
-671714
-672029
-672346
-672662
-672973
-673290
-673607
-673925
-674244
-674562
-674880
-675199
-675516
-675833
-676145
-676461
-676777
-677093
-677407
-677721
-678035
-678349
-678663
-678977
-679285
-679599
-679911
-680225
-680537
-680850
-681163
-681476
-681789
-682102
-682412
-682724
-683037
-683351
-683665
-683979
-684293
-684606
-684921
-685236
-685546
-685861
-686176
-686490
-686806
-687122
-687438
-687754
-688069
-688385
-688697
-689012
-689327
-689642
-689957
-690272
-690587
-690902
-691217
-691533
-691844
-692160
-692477
-692793
-693110
-693427
-693744
-694064
-694382
-694700
-695015
-695333
-695650
-695967
-696284
-696600
-696916
-697231
-697545
-697860
-698169
-698483
-698797
-699110
-699423
-699736
-700049
-700362
-700675
-700988
-701297
-701610
-701923
-702236
-702549
-702861
-703175
-703488
-703802
-704117
-704426
-704740
-705055
-705370
-705684
-705999
-706314
-706628
-706944
-707261
-707572
-707888
-708203
-708519
-708835
-709149
-709464
-709780
-710094
-710409
-710721
-711034
-711351
-711666
-711981
-712297
-712614
-712930
-713248
-713565
-713879
-714198
-714515
-714834
-715153
-715470
-715788
-716105
-716421
-716737
-717049
-717363
-717677
-717991
-718305
-718619
-718932
-719245
-719559
-719872
-720181
-720494
-720807
-721119
-721433
-721746
-722059
-722372
-722685
-722998
-723307
-723621
-723935
-724249
-724563
-724878
-725193
-725507
-725822
-726136
-726447
-726763
-727079
-727395
-727711
-728027
-728343
-728659
-728973
-729289
-729598
-729913
-730227
-730543
-730858
-731173
-731489
-731804
-732120
-732437
-732749
-733066
-733383
-733701
-734019
-734338
-734656
-734975
-735293
-735610
-735924
-736240
-736557
-736872
-737187
-737501
-737816
-738129
-738443
-738757
-739060
-739373
-739687
-739999
-740312
-740625
-740938
-741251
-741564
-741877
-742184
-742497
-742809
-743123
-743436
-743750
-744064
-744378
-744692
-745007
-745309
-745624
-745939
-746253
-746568
-746884
-747201
-747516
-747832
-748148
-748455
-748771
-749086
-749401
-749716
-750030
-750345
-750661
-750975
-751291
-751600
-751915
-752232
-752547
-752864
-753181
-753498
-753817
-754135
-754453
-754767
-755086
-755403
-755721
-756038
-756354
-756670
-756986
-757300
-757614
-757922
-758236
-758550
-758863
-759176
-759489
-759802
-760115
-760428
-760741
-761049
-761363
-761676
-761989
-762302
-762615
-762927
-763241
-763554
-763869
-764165
-764479
-764793
-765108
-765422
-765737
-766051
-766366
-766681
-766998
-767308
-767623
-767939
-768254
-768570
-768885
-769200
-769515
-769830
-770144
-770456
-770770
-771085
-771401
-771716
-772032
-772348
-772664
-772982
-773299
-773612
-773931
-774249
-774567
-774885
-775203
-775520
-775838
-776154
-776471
-776782
-777097
-777411
-777725
-778039
-778352
-778667
-778979
-779292
-779606
-779912
-780225
-780538
-780851
-781164
-781477
-781789
-782103
-782416
-782728
-783037
-783351
-783665
-783979
-784292
-784606
-784921
-785235
-785550
-785865
-786175
-786489
-786805
-787121
-787431
-787747
-788062
-788377
-788693
-789008
-789315
-789630
-789944
-790259
-790574
-790888
-791204
-791519
-791835
-792151
-792461
-792777
-793095
-793411
-793729
-794048
-794366
-794684
-795003
-795321
-795633
-795951
-796267
-796583
-796899
-797213
-797527
-797841
-798155
-798468
-798778
-799091
-799404
-799717
-800029
-800343
-800655
-800968
-801281
-801594
-801903
-802217
-802529
-802842
-803156
-803469
-803783
-804097
-804411
-804725
-805034
-805349
-805663
-805978
-806293
-806608
-806924
-807240
-807556
-807872
-808183
-808499
-808814
-809129
-809445
-809760
-810074
-810390
-810704
-811019
-811331
-811646
-811962
-812279
-812595
-812913
-813229
-813547
-813865
-814184
-814498
-814817
-815135
-815453
-815770
-816087
-816403
-816719
-817034
-817349
-817659
-817973
-818286
-818600
-818913
-819227
-819540
-819853
-820165
-820479
-820779
-821093
-821406
-821719
-822032
-822345
-822657
-822971
-823285
-823599
-823909
-824223
-824537
-824852
-825167
-825481
-825796
-826111
-826425
-826742
-827053
-827368
-827684
-828000
-828315
-828631
-828946
-829261
-829577
-829891
-830203
-830518
-830832
-831148
-831464
-831779
-832096
-832412
-832728
-833047
-833359
-833677
-833996
-834314
-834633
-834952
-835269
-835587
-835904
-836221
-836533
-836849
-837163
-837477
-837791
-838105
-838419
-838733
-839045
-839359
-839668
-839981
-840294
-840607
-840920
-841233
-841546
-841859
-842172
-842485
-842792
-843106
-843419
-843733
-844048
-844362
-844677
-844991
-845306
-845621
-845929
-846243
-846559
-846876
-847191
-847508
-847824
-848139
-848455
-848771
-849081
-849397
-849712
-850026
-850342
-850656
-850971
-851287
-851603
-851919
-852231
-852547
-852865
-853182
-853499
-853819
-854136
-854455
-854774
-855092
-855405
-855723
-856039
-856355
-856671
-856986
-857300
-857615
-857929
-858242
-858553
-858865
-859179
-859492
-859805
-860118
-860431
-860744
-861057
-861370
-861679
-861992
-862306
-862618
-862932
-863245
-863559
-863874
-864188
-864502
-864813
-865128
-865442
-865757
-866071
-866387
-866703
-867019
-867335
-867651
-867963
-868278
-868594
-868909
-869224
-869540
-869854
-870169
-870485
-870799
-871111
-871427
-871742
-872058
-872375
-872691
-873009
-873326
-873644
-873963
-874277
-874596
-874915
-875232
-875549
-875867
-876183
-876499
-876815
-877129
-877440
-877754
-878067
-878381
-878695
-879007
-879321
-879634
-879947
-880260
-880569
-880882
-881195
-881508
-881821
-882135
-882448
-882761
-883075
-883388
-883698
-884013
-884327
-884642
-884957
-885271
-885585
-885901
-886215
-886531
-886844
-887159
-887475
-887791
-888106
-888423
-888738
-889052
-889368
-889683
-889993
-890309
-890624
-890939
-891255
-891570
-891886
-892202
-892519
-892836
-893149
-893466
-893785
-894103
-894422
-894741
-895059
-895376
-895694
-896011
-896323
-896639
-896954
-897268
-897582
-897896
-898208
-898522
-898835
-899148
-899453
-899766
-900080
-900393
-900705
-901019
-901332
-901645
-901958
-902271
-902572
-902886
-903199
-903513
-903828
-904142
-904456
-904771
-905086
-905400
-905707
-906022
-906337
-906653
-906969
-907285
-907601
-907917
-908232
-908547
-908856
-909172
-909487
-909801
-910117
-910431
-910746
-911061
-911377
-911693
-912005
-912321
-912638
-912955
-913272
-913590
-913909
-914227
-914546
-914864
-915178
-915496
-915812
-916129
-916445
-916761
-917075
-917389
-917703
-918017
-918325
-918639
-918951
-919265
-919578
-919891
-920204
-920517
-920829
-921143
-921450
-921763
-922077
-922389
-922703
-923016
-923330
-923644
-923958
-924272
-924581
-924896
-925210
-925525
-925840
-926155
-926471
-926787
-927103
-927419
-927729
-928044
-928361
-928676
-928991
-929307
-929621
-929936
-930252
-930566
-930876
-931191
-931507
-931823
-932139
-932455
-932773
-933090
-933408
-933727
-934041
-934359
-934679
-934997
-935314
-935631
-935948
-936265
-936581
-936896
-937206
-937521
-937834
-938148
-938462
-938775
-939088
-939402
-939715
-940028
-940337
-940650
-940963
-941276
-941589
-941903
-942216
-942528
-942843
-943156
-943466
-943780
-944094
-944409
-944724
-945038
-945353
-945668
-945982
-946298
-946610
-946927
-947242
-947559
-947874
-948190
-948505
-948820
-949135
-949451
-949761
-950077
-950392
-950706
-951023
-951338
-951654
-951971
-952286
-952603
-952917
-953233
-953552
-953871
-954189
-954508
-954827
-955145
-955462
-955779
-956087
-956404
-956719
-957033
-957348
-957662
-957972
-958286
-958600
-958913
-959215
-959527
-959778
-960054
-960366
-960680
-960993
-961306
-961619
-961932
-962229
-962543
-962856
-963170
-963485
-963798
-964112
-964427
-964742
-965056
-965366
-965680
-965995
-966311
-966627
-966943
-967259
-967575
-967890
-968206
-968517
-968832
-969148
-969462
-969777
-970093
-970407
-970723
-971038
-971354
-971666
-971982
-972299
-972617
-972933
-973251
-973570
-973888
-974207
-974525
-974839
-975157
-975475
-975791
-976107
-976424
-976738
-977052
-977367
-977681
-977991
-978305
-978618
-978931
-979245
-979558
-979871
-980184
-980497
-980810
-981120
-981432
-981746
-982059
-982372
-982686
-982999
-983313
-983628
-983942
-984242
-984557
-984872
-985187
-985502
-985816
-986131
-986448
-986764
-987080
-987391
-987706
-988022
-988338
-988653
-988968
-989284
-989599
-989914
-990229
-990540
-990856
-991171
-991487
-991804
-992120
-992437
-992755
-993071
-993391
-993706
-994024
-994343
-994661
-994979
-995297
-995614
-995930
-996247
-996562
-996870
-997185
-997499
-997813
-998127
-998440
-998753
-999067
-999380
-999693
-1000003
-1000315
-1000629
-1000942
-1001255
-1001569
-1001882
-1002195
-1002508
-1002823
-1003132
-1003446
-1003761
-1004075
-1004390
-1004705
-1005019
-1005335
-1005650
-1005964
-1006276
-1006593
-1006909
-1007225
-1007541
-1007856
-1008172
-1008487
-1008802
-1009118
-1009428
-1009743
-1010059
-1010373
-1010689
-1011005
-1011320
-1011636
-1011952
-1012269
-1012583
-1012899
-1013217
-1013537
-1013855
-1014173
-1014492
-1014810
-1015128
-1015445
-1015757
-1016074
-1016389
-1016704
-1017018
-1017333
-1017647
-1017961
-1018275
-1018587
-1018897
-1019210
-1019523
-1019836
-1020149
-1020462
-1020775
-1021088
-1021401
-1021715
-1022024
-1022337
-1022651
-1022964
-1023278
-1023593
-1023906
-1024221
-1024536
-1024850
-1025161
-1025476
-1025791
-1026106
-1026423
-1026739
-1027055
-1027371
-1027686
-1028002
-1028313
-1028629
-1028944
-1029259
-1029574
-1029889
-1030204
-1030518
-1030835
-1031150
-1031461
-1031778
-1032094
-1032411
-1032729
-1033046
-1033364
-1033683
-1034001
-1034320
-1034634
-1034952
-1035269
-1035587
-1035903
-1036219
-1036534
-1036848
-1037163
-1037477
-1037784
-1038098
-1038412
-1038725
-1039038
-1039351
-1039664
-1039977
-1040290
-1040603
-1040913
-1041225
-1041539
-1041852
-1042164
-1042477
-1042791
-1043105
-1043420
-1043733
-1044043
-1044359
-1044673
-1044987
-1045302
-1045617
-1045932
-1046248
-1046564
-1046879
-1047192
-1047507
-1047823
-1048138
-1048453
-1048768
-1049084
-1049398
-1049713
-1050029
-1050339
-1050654
-1050971
-1051285
-1051602
-1051918
-1052234
-1052552
-1052869
-1053187
-1053502
-1053820
-1054139
-1054458
-1054775
-1055093
-1055410
-1055726
-1056043
-1056358
-1056669
-1056983
-1057298
-1057611
-1057925
-1058239
-1058552
-1058866
-1059179
-1059491
-1059789
-1060101
-1060414
-1060728
-1061041
-1061354
-1061667
-1061980
-1062293
-1062607
-1062913
-1063227
-1063541
-1063856
-1064170
-1064485
-1064800
-1065115
-1065430
-1065745
-1066048
-1066364
-1066681
-1066997
-1067313
-1067628
-1067944
-1068260
-1068575
-1068891
-1069199
-1069514
-1069829
-1070144
-1070459
-1070776
-1071091
-1071407
-1071723
-1072039
-1072353
-1072671
-1072987
-1073307
-1073626
-1073944
-1074263
-1074581
-1074899
-1075217
-1075529
-1075846
-1076162
-1076477
-1076792
-1077106
-1077420
-1077734
-1078048
-1078361
-1078671
-1078984
-1079297
-1079610
-1079923
-1080236
-1080550
-1080863
-1081176
-1081489
-1081799
-1082111
-1082425
-1082739
-1083053
-1083367
-1083681
-1083996
-1084311
-1084625
-1084934
-1085250
-1085565
-1085879
-1086195
-1086512
-1086827
-1087144
-1087460
-1087775
-1088087
-1088403
-1088718
-1089033
-1089349
-1089663
-1089979
-1090293
-1090609
-1090925
-1091237
-1091553
-1091869
-1092186
-1092504
-1092821
-1093139
-1093458
-1093776
-1094095
-1094410
-1094728
-1095046
-1095363
-1095679
-1095996
-1096312
-1096627
-1096941
-1097255
-1097565
-1097879
-1098192
-1098505
-1098819
-1099132
-1099445
-1099759
-1100071
-1100384
-1100694
-1101006
-1101320
-1101633
-1101946
-1102259
-1102573
-1102886
-1103200
-1103515
-1103825
-1104140
-1104455
-1104769
-1105083
-1105399
-1105713
-1106029
-1106345
-1106661
-1106973
-1107289
-1107605
-1107921
-1108236
-1108551
-1108867
-1109181
-1109496
-1109812
-1110123
-1110437
-1110754
-1111069
-1111385
-1111701
-1112017
-1112335
-1112652
-1112969
-1113283
-1113601
-1113919
-1114238
-1114557
-1114874
-1115192
-1115509
-1115825
-1116141
-1116450
-1116764
-1117079
-1117393
-1117706
-1118021
-1118334
-1118647
-1118961
-1119274
-1119583
-1119896
-1120209
-1120522
-1120835
-1121148
-1121462
-1121775
-1122087
-1122401
-1122711
-1123025
-1123339
-1123654
-1123967
-1124283
-1124597
-1124912
-1125227
-1125542
-1125852
-1126169
-1126485
-1126801
-1127117
-1127433
-1127748
-1128064
-1128379
-1128695
-1129005
-1129321
-1129636
-1129951
-1130265
-1130582
-1130897
-1131212
-1131529
-1131845
-1132157
-1132476
-1132792
-1133111
-1133430
-1133748
-1134067
-1134385
-1134703
-1135021
-1135334
-1135650
-1135967
-1136283
-1136597
-1136911
-1137226
-1137539
-1137854
-1138167
-1138477
-1138790
-1139103
-1139416
-1139730
-1140043
-1140356
-1140669
-1140982
-1141296
-1141605
-1141918
-1142231
-1142545
-1142859
-1143173
-1143488
-1143802
-1144117
-1144432
-1144742
-1145058
-1145373
-1145687
-1146003
-1146319
-1146635
-1146951
-1147267
-1147583
-1147887
-1148202
-1148517
-1148833
-1149147
-1149462
-1149777
-1150092
-1150407
-1150723
-1151032
-1151349
-1151665
-1151981
-1152299
-1152616
-1152933
-1153252
-1153571
-1153889
-1154204
-1154522
-1154840
-1155157
-1155474
-1155790
-1156106
-1156421
-1156735
-1157050
-1157360
-1157673
-1157987
-1158301
-1158614
-1158927
-1159240
-1159553
-1159867
-1160179
-1160489
-1160802
-1161115
-1161429
-1161742
-1162055
-1162368
-1162682
-1162996
-1163310
-1163620
-1163935
-1164250
-1164565
-1164879
-1165195
-1165509
-1165824
-1166140
-1166457
-1166769
-1167085
-1167400
-1167716
-1168032
-1168347
-1168662
-1168977
-1169292
-1169608
-1169918
-1170233
-1170549
-1170865
-1171180
-1171497
-1171812
-1172129
-1172447
-1172764
-1173079
-1173397
-1173715
-1174034
-1174353
-1174671
-1174989
-1175306
-1175622
-1175939
-1176250
-1176565
-1176879
-1177193
-1177507
-1177821
-1178135
-1178448
-1178762
-1179074
-1179384
-1179697
-1180010
-1180323
-1180623
-1180893
-1181207
-1181520
-1181833
-1182146
-1182456
-1182770
-1183084
-1183399
-1183713
-1184028
-1184343
-1184657
-1184973
-1185287
-1185595
-1185911
-1186228
-1186545
-1186861
-1187176
-1187492
-1187808
-1188123
-1188439
-1188749
-1189063
-1189379
-1189694
-1190009
-1190324
-1190640
-1190955
-1191272
-1191588
-1191898
-1192217
-1192534
-1192851
-1193171
-1193489
-1193808
-1194127
-1194445
-1194763
-1195075
-1195391
-1195708
-1196023
-1196338
-1196653
-1196967
-1197281
-1197595
-1197909
-1198218
-1198532
-1198845
-1199158
-1199472
-1199785
-1200097
-1200411
-1200724
-1201037
-1201345
-1201658
-1201971
-1202285
-1202599
-1202913
-1203227
-1203541
-1203856
-1204171
-1204482
-1204797
-1205112
-1205427
-1205742
-1206059
-1206375
-1206691
-1207008
-1207323
-1207635
-1207951
-1208266
-1208581
-1208897
-1209211
-1209527
-1209842
-1210157
-1210473
-1210785
-1211101
-1211418
-1211734
-1212051
-1212369
-1212685
-1213005
-1213323
-1213641
-1213957
-1214276
-1214593
-1214911
-1215228
-1215545
-1215861
-1216177
-1216491
-1216806
-1217114
-1217428
-1217743
-1218056
-1218369
-1218683
-1218996
-1219309
-1219623
-1219935
-1220245
-1220559
-1220872
-1221185
-1221499
-1221812
-1222125
-1222439
-1222753
-1223068
-1223378
-1223693
-1224008
-1224323
-1224637
-1224953
-1225267
-1225582
-1225899
-1226215
-1226527
-1226843
-1227160
-1227475
-1227792
-1228107
-1228422
-1228738
-1229052
-1229368
-1229671
-1229986
-1230302
-1230618
-1230933
-1231250
-1231566
-1231882
-1232201
-1232518
-1232831
-1233151
-1233469
-1233788
-1234108
-1234425
-1234743
-1235061
-1235378
-1235695
-1236007
-1236321
-1236636
-1236951
-1237264
-1237579
-1237893
-1238206
-1238519
-1238833
-1239140
-1239453
-1239767
-1240079
-1240394
-1240707
-1241020
-1241334
-1241647
-1241960
-1242270
-1242584
-1242899
-1243213
-1243527
-1243842
-1244157
0
